train_loss,train_acc,test_loss,test_acc
1.10983245074749,0.3046875,1.1097780863444011,0.3020833333333333
1.075912520289421,0.52734375,1.088546872138977,0.4119318181818182
1.09634330868721,0.37109375,1.0746341149012248,0.42140151515151514
1.0662454813718796,0.390625,1.1337631543477376,0.32007575757575757
0.9249754026532173,0.53515625,1.099278211593628,0.4517045454545454
0.9192305020987988,0.5703125,1.1305245955785115,0.33049242424242425
0.9332926124334335,0.55859375,1.1432774861653645,0.36174242424242425
1.0076799839735031,0.45703125,1.2301977674166362,0.26988636363636365
1.103620432317257,0.4296875,1.0088477730751038,0.48484848484848486
1.0309605970978737,0.47265625,1.0987200736999512,0.375
