train_loss,train_acc,test_loss,test_acc
1.0997035275565252,0.3288888888888889,1.0965005938212078,0.3333333333333333
1.0993359438578287,0.3244444444444444,1.098059671719869,0.3333333333333333
1.0991763729519315,0.3466666666666667,1.098978803952535,0.3333333333333333
1.0990602286656697,0.3466666666666667,1.0995568497975667,0.3333333333333333
1.0989769718382094,0.3466666666666667,1.0999826002120972,0.3333333333333333
1.098888874053955,0.3466666666666667,1.1003024085362751,0.3333333333333333
1.0987986702389188,0.3466666666666667,1.1007460117340089,0.3333333333333333
1.0986943425072564,0.3466666666666667,1.100978603363037,0.3333333333333333
1.098612165980869,0.3466666666666667,1.1008818244934082,0.3333333333333333
1.0985279570685493,0.3466666666666667,1.1010542503992717,0.3333333333333333
1.0983998637729222,0.3466666666666667,1.1009684975941976,0.3333333333333333
1.0982853073543972,0.3466666666666667,1.1011355861028036,0.3333333333333333
1.0980896690156725,0.3511111111111111,1.1013209835688273,0.3333333333333333
1.0979629935158624,0.3466666666666667,1.101180109977722,0.3333333333333333
1.097734654214647,0.3466666666666667,1.1011986605326334,0.3333333333333333
1.0974477195739747,0.3466666666666667,1.1012047449747722,0.3333333333333333
1.097137689590454,0.35555555555555557,1.1009191989898681,0.3333333333333333
1.0967060316933526,0.3466666666666667,1.1008314768473306,0.3333333333333333
1.0961808321211073,0.3466666666666667,1.1003158362706502,0.3333333333333333
1.0955176263385349,0.3511111111111111,1.0999746417999268,0.3333333333333333
1.0943153609169853,0.4222222222222222,1.0987309265136718,0.3333333333333333
1.0931006500456069,0.3511111111111111,1.098607136408488,0.36
1.091553676923116,0.43555555555555553,1.097456595102946,0.4
1.0890915022956,0.4177777777777778,1.0967723417282105,0.41333333333333333
1.0858878167470296,0.48444444444444446,1.0949844090143839,0.41333333333333333
1.0810331704881455,0.4888888888888889,1.0930245010058086,0.36
1.0735150726636251,0.48444444444444446,1.0848754374186198,0.41333333333333333
1.0632410926289029,0.5022222222222222,1.0786505103111268,0.41333333333333333
1.047798494497935,0.5066666666666667,1.0890032958984375,0.3466666666666667
1.0227076064215765,0.5466666666666666,1.1003344003359476,0.3333333333333333
1.0025362890296512,0.52,1.065036614338557,0.3466666666666667
0.9660015719466739,0.5555555555555556,1.0583641934394836,0.3333333333333333
0.9381360710329479,0.5511111111111111,1.0138057150443396,0.3466666666666667
0.9223027851184209,0.5511111111111111,1.0001011298100153,0.36
0.9022848386565844,0.5688888888888889,0.9890096234281858,0.36
0.8839977074166139,0.5911111111111111,0.9735036967198054,0.4266666666666667
0.8738051020105679,0.5955555555555555,1.0500714615980784,0.4533333333333333
0.8595848251796431,0.5822222222222222,1.0039783525963624,0.4
0.8613998548852073,0.5955555555555555,0.9735712203135093,0.4533333333333333
0.8463977952301502,0.5955555555555555,0.9777443294475476,0.48
0.8434302977534632,0.6133333333333333,0.968637230421106,0.5066666666666667
0.8319164894107315,0.64,0.9932455211877823,0.49333333333333335
0.8236904304971298,0.6266666666666667,0.9827617829293013,0.4533333333333333
0.817398683861312,0.5955555555555555,1.056401605779926,0.4266666666666667
0.8249434476883875,0.6266666666666667,0.9910781852155924,0.4666666666666667
0.8107543041722642,0.6622222222222223,0.9826568347464005,0.48
0.7960474031377169,0.6711111111111111,1.0362219876796006,0.4533333333333333
0.796042832672182,0.6222222222222222,1.0370633047198257,0.4666666666666667
0.7787502956411076,0.6666666666666666,1.0127013172705968,0.4533333333333333
0.7904123238970836,0.6444444444444445,1.0415771916508674,0.4533333333333333
